(BSplineTransformSplineOrder 3)
(Direction 1 0 0 0 1 0 0 0 1)
(FixedImageDimension 3)
(FixedInternalImagePixelType "float")
(GridDirection 1 0 0 0 1 0 0 0 1)
(GridIndex 0 0 0)
(GridOrigin -2511.569547046844 -3098.528822908183 -93.92650213364287)
(GridSize 7 7 5)
(GridSpacing 1802.5946851572814 1801.130001786061 59.289771076571434)
(HowToCombineTransforms "Compose")
(Index 0 0 0)
(InitialTransformParameterFileName "initial_transform_vals.txt")
(MovingImageDimension 3)
(MovingInternalImagePixelType "float")
(NumberOfParameters 735)
(Origin 0 0 0)
(Size 5151 5152 50)
(Spacing 1 1 1)
(Transform "BSplineTransform")
(TransformParameters -1.5886159392824395e-12 -8.148707980584099e-10 -3.3559891804155158e-9 8.212600344187891e-9 -1.7891316143291936e-9 -3.1627771461437556e-9 -1.0800293102451563e-11 -1.5852012641812643e-7 -0.00002060563637943484 0.00009082904578953047 0.00463579115835756 0.004649465335946014 0.00026040017699190544 -2.785324495615013e-9 -0.00011444837456636531 -0.030370933012322972 -0.36582605550891395 -0.21194745270871768 0.0766630070431502 0.006271163429445887 5.765459833825027e-7 -0.00031684698654319617 -0.09603232442233355 -1.1676361763492422 -0.8552349226157339 -0.08892701502987423 -0.040818044676484026 0.000009365748413957075 -0.00005501731135845374 -0.021665248718177006 -0.23730829113947915 -0.21370785917751817 -0.4059844127302795 -0.1292512228810595 1.780709913692025e-7 -3.490759530699967e-8 -0.00015665502188287353 -0.00018131265259883642 -0.00943885115146267 -0.07040207130010603 -0.02132741961441471 -0.0000017257932168263408 -8.892214589967359e-12 7.057509724683165e-9 5.436254544753329e-8 7.631010346814901e-8 -7.499465496656054e-8 -1.6052138114232287e-8 1.2316764376975834e-11 2.7991056398609164e-10 1.1914707574532598e-8 0.0000010469486110072745 0.0000019909539763149645 -0.000001080568423397721 -4.886512206218301e-7 -1.0501978442718583e-9 -0.000030055983807620347 -0.0028656251781321754 0.016791980446275175 -0.017247866119107346 -0.3759991942802152 -0.042918964568172784 8.475357163905156e-7 -0.0215758982781004 -1.659313971981918 -14.457627102898444 -7.165047127679729 2.9238660052147964 0.15158956892263337 0.0003101167246081024 -0.05973827900736675 -3.551982996923942 -35.22015117024517 -32.13971409162109 12.36135329203642 5.98795024020508 0.012957352258547215 -0.010401586810908631 -0.3106778587146595 -1.8459902728180784 -7.25876005894075 1.5590877091336668 4.2055130393343045 0.017426397580743207 -0.000008358837150182938 0.3494164269853936 2.7013804048701244 -0.08036523665784089 -3.4577130539569363 -0.5951378134670828 0.0012095227309375913 -1.6691854801916561e-9 0.009510233564822224 0.07110583858382487 0.032367851522782674 0.00017299638327085401 -3.906786751949474e-7 6.250996405726606e-10 9.627104761483386e-9 2.8199972815758744e-7 0.0000023241146907024733 0.0000014971950734783452 -0.000004863080081485745 -0.0000012422773382122191 -1.3999084573429662e-10 -0.00005849106596305317 -0.006031133600826035 0.19578075709821613 0.6419340556467126 -1.369671208202267 -0.19945467606070738 0.000004304429242764272 -0.04689563555032855 -1.6195638510466377 -7.20304643488198 16.041322103795636 3.208823323646883 -1.4596401107083599 0.0007817891688938996 -0.12987999744874817 0.35162529418760347 5.928901875428147 -22.83789632136568 9.210323910583314 13.971302165172 0.03335365844374537 -0.022644601041138208 3.4341544577753154 28.81642941648795 -26.042025206636804 4.68376621353004 18.22372795855537 0.04553969971105206 -0.000021164606083891634 2.3668107349928698 17.49979360777097 -1.7324247441122413 -9.334778120974015 -0.21197010335095634 0.0032526697140025304 -1.189367690203394e-8 0.061262291089818774 0.4640521437293126 0.21342116413050063 0.0011273833686252118 -0.0000015041120120219679 9.002304142992957e-10 6.9746909435549606e-9 1.3100794017765484e-7 -3.0560214189873e-7 -0.0000018086655755087556 -0.0000017727711125772464 -2.580328257935889e-7 9.06523550922549e-10 -0.000002895861699835372 -0.0007652406309631865 0.17495394097362985 1.4534202198567618 0.42555475040901564 -0.04076282562440485 0.0000013268258032488041 -0.006154688977340535 0.11388561560149628 4.613925576115935 26.5858846553841 9.880513985062782 -0.6220114250569706 0.00011913380914144292 -0.017079631664691303 1.4718913155481899 15.10094695386634 12.504610238777827 -3.4628113193346035 0.8835866297052843 0.005169186348744456 -0.002987975834562372 1.6658928095053223 11.998698422504846 -19.460222922610505 -13.048525026925507 3.0853259338899464 0.007128546224752046 -0.000003863648988877371 0.9652925174213455 6.924901460117857 -3.1898494279248553 -4.622927705093172 0.042030977565233885 0.0005174126551193656 -4.3153060633698245e-9 0.024710623452722635 0.18927101166288138 0.08780212340740175 0.0004534828307544301 -0.0000010612839089309082 4.6870278306257335e-11 1.263999652347195e-10 9.82103288588299e-10 -2.5317495381854966e-8 -4.705801145799375e-8 -1.4304305651874788e-8 -1.7697901169508523e-9 6.321153364928216e-12 1.0572767504907034e-7 0.0000014396954250969855 0.005958780494959977 0.06425794159740214 0.03918927630924678 0.0005588424430816301 2.7416200515656766e-9 2.466291992138914e-7 -0.000002481262535419643 0.0944927779119311 1.013204919507935 0.6098311078771788 0.007497800255212438 -1.239745830072348e-8 -2.3314642378966406e-7 0.000232313548045436 0.06854865612932703 0.6695698236065767 0.3618396746155944 -0.00024168756241541045 -9.154177535906642e-8 -1.2459139665480752e-7 0.0040266742003852276 -0.003874230493063526 -0.4952028088993567 -0.38116202241447195 -0.009766267261879787 -5.481447684504825e-8 -4.3043432673131535e-9 0.003161460687858741 0.015029638696598032 -0.12903333623379548 -0.10262154265984086 -0.0023190432433433644 -3.270860536453453e-9 1.501657064746053e-10 0.00008359824773937916 0.00066770186524921 0.00031883648201112955 9.412150284075606e-7 -2.4888448819451018e-8 -5.6211800464769714e-14 9.12028015235075e-13 -5.639502146013498e-10 -2.36626743645625e-8 -9.031222365724625e-9 4.802046319151097e-8 1.384750704034059e-8 4.281502226491405e-11 8.853669194344237e-7 0.00006461048423646696 0.001092981608183475 0.023843179833070913 0.031365742672677305 0.0031256023328487684 3.8941135792735875e-9 0.0006346114444731655 0.04029580635093088 0.027395202759440455 0.4121262411095071 0.7124821538614265 0.08497330533721185 -0.000002075456502551915 0.0017385570338196636 0.05043859797828937 -0.2014917877124352 -0.7217385572311219 -1.0048970268138575 -0.23663677357733978 -0.00020352828859072656 0.00028690361634652647 -0.040396666256430694 -0.2552422726151318 -1.8954818210035624 -2.9777393817175244 -0.5257471387587458 -0.00036848501111790824 -4.2959769139223033e-7 -0.001995353533622529 -0.013521970450211 -0.2001585279128616 -0.2718720035295992 -0.0394581893710928 -0.00003865614634739097 -1.0934569858574571e-10 -1.278746841223671e-7 -4.422803400744409e-7 -1.831647985987106e-7 -5.433837755634147e-8 -5.668529134573245e-9 -1.303747134507956e-11 5.404249625788328e-10 -0.0000011147736841798958 -0.000009173898584595545 -0.000003699429699235522 0.00000806477848209471 0.0000022076459862113737 4.424639034365146e-9 0.0001659021962556034 0.012158849292401266 0.08524073722327201 0.2784030403794066 0.050367650449391295 0.08046635868509715 2.879665044375397e-7 0.11947065175832301 8.304527980772056 13.461759662012128 36.52802149926037 55.87883640155107 7.257715611646697 0.000012050408027041877 0.3268983144617397 10.446184748658132 -6.005627949618495 0.6360023666690418 19.670869313867687 1.4477027158865736 -0.004072526413904388 0.053596749485587056 -8.79197173973194 -34.90617578937868 -53.986105136248796 -55.18072060029603 -6.605090230021441 -0.009304346480152374 -0.00009525278222154925 -0.3641042430719537 0.6493097777373579 -2.282595963494505 -0.6532918550963533 0.6119246817610807 -0.0011742617256188255 -1.3464616671959818e-8 0.006734533798883262 0.09209701443235861 0.058046431794774964 0.0006480143409090782 7.533725451972466e-8 -2.2678746407206892e-10 1.1080499297417476e-9 -0.0000037248096678923474 -0.00002982782496874367 -0.000013503110008589113 0.00003132329808554818 0.000008695201321760895 1.1657898437151166e-8 0.00035186935387176565 0.025882129332865725 -0.1524715880565699 -6.5891763127018095 -7.913439427351306 -0.3414626847035933 7.195558952308807e-7 0.25945457788218984 18.481346340533836 29.395042349313684 -0.43333390881291484 27.83474858928696 8.610779725974655 0.00014366334044222366 0.7098334056427482 23.83848772173542 2.3474134246758283 -21.467087158442038 6.898228875218503 5.907316828783201 0.0002865829875734018 0.11619538248417503 -16.13564206841709 -34.27168112863383 5.785483062274433 7.138495564072728 5.132319004301338 -0.004531062269893149 -0.0002155430814721862 2.1308625472546976 31.601017461645448 30.44532348157303 17.412612273882345 3.023160836662059 -0.0009934362196173155 -4.501902366120999e-8 0.10845040745929056 1.0785452664575792 0.5943859293593969 0.005400767435742866 0.0000025138505066164024 9.564614609059505e-10 2.9086640902738225e-10 -7.773209328925816e-7 -0.000008217920944650534 -0.000006015072063781412 0.000010153354995616413 0.0000029956863807820144 2.8903190816936445e-9 0.00004148703299600212 0.00313821777860972 -0.22325303171735528 -3.881024528172212 -3.706323484412728 -0.1709333317676986 2.1903429639102806e-7 0.0340119652746459 2.5048112698304466 1.601251620717107 -40.5482821885944 -31.647867474678545 -0.7229843781646116 0.000033257062600792046 0.09308600884690112 3.4691004118752002 2.402488831501064 -28.11827381759015 -28.693670906957596 -1.0148004846377399 0.0010495868519165255 0.01521189704705459 -0.03151199460415265 18.079060297156914 47.34762708966853 29.529636501438603 2.524965089801522 0.0011082595704173903 -0.000029851987292947472 2.039075986497732 20.851843011763304 21.94732680961456 9.624674462793925 0.6579416538638382 0.000035090288556888566 -2.5751020536637125e-8 0.06636379119116284 0.6038236433533511 0.3164539511173423 0.0026153653530833296 0.000001814782372862138 4.588422405725734e-10 1.3101422099825543e-11 4.876256302984911e-10 -1.157089307335843e-7 -2.042564526135438e-7 2.425043592391009e-8 1.7772387553194193e-8 1.2135380775189938e-11 -6.986584016810831e-8 -0.000003436854830228062 -0.00660781216019756 -0.07118723325629457 -0.0434122509383173 -0.0006162764584419117 1.6245133104821372e-9 -3.3436813045196687e-7 -0.000017886085429561355 -0.1047987580819418 -1.136812867414144 -0.703663956114827 -0.01155120183034303 8.26062463077113e-9 3.838470436205587e-8 0.0016378113290454897 -0.05568639614357179 -0.7198730656749814 -0.4588471750782886 -0.011239466215356519 6.168770205003191e-9 1.4506776693232108e-7 0.0247220758297707 0.26395649995877296 0.9494060016423992 0.6136257996699167 0.012640274494611652 5.013939734168049e-10 -5.948925667364047e-9 0.019375062532314115 0.1756772986700883 0.3135020366898424 0.1722994352716572 0.003878725838546757 -3.1153266512466516e-11 -1.0900159425640476e-9 0.000521039909637258 0.0042583409738920575 0.0020791210819924096 0.000015539069323073535 3.936583917168775e-8 5.706465318902262e-13 -4.1750141779514495e-12 -1.489677283260978e-9 -2.3713743623369977e-8 -4.720312444090642e-8 -2.8915298657760352e-8 -3.202768420625192e-9 1.4528361105717294e-12 -1.1409885190613882e-7 -0.00001126658474617362 0.000276681065377099 0.005111655462294355 0.0032693824595534287 -0.00011790648544429687 -6.760461140096355e-11 -0.00007958766781855653 -0.006262945574692019 -0.020377925644444517 0.055302525316800494 0.024472938488164918 -0.006307278433874089 -2.635349110560003e-7 -0.0002171973008535697 -0.006657451711731348 -0.028794587641579498 0.19844029166421812 0.19129105079847764 -0.006532919805824634 -0.000014020854224054095 -0.00003519932309179227 0.007608909823025321 0.03490517576757137 0.3850028711563347 0.4138830498570459 0.012286508177421164 -0.000020595871241864774 8.28904909855701e-8 0.0003574482642311972 0.0027990878611301576 0.046930609784595234 0.05373807811943716 0.0028678687583896197 -0.000001658799945691873 -2.826296137560379e-11 -9.393873489554574e-9 3.6243222667766873e-7 0.000001759803133780872 9.683500318095325e-7 4.824699415370981e-8 3.333495392411145e-11 -2.5595491568631954e-9 -4.286597136709963e-7 -0.000008725882872406229 -0.00001784507993369233 -0.000006009898566704473 -2.8311141634111213e-7 2.2213226380160107e-10 -0.00002205536124955731 -0.002414569073451499 -0.021824105572276924 -1.340373994668874 -2.192714715687949 -0.19167919928467908 5.551555618495828e-8 -0.015025660913624648 -0.7707250200229109 -0.3516665940591634 -2.032368212416063 -9.455199125432307 -1.4380024518980752 -0.00008650202972107641 -0.04086202437021722 0.7157239048268269 9.635758061395471 15.127888336671345 6.57917293484695 -2.38133992307195 -0.004039419678752643 -0.006550443067059003 1.6106259146656514 4.395196492740503 11.78127732221049 7.177279090122791 -2.6936713083533412 -0.005657535589777068 0.000017004533710048553 -0.3965179162759099 -3.6339845864493245 -0.6527714424138454 1.154032474453398 -0.10040434248295944 -0.0004228529509206078 -1.9557301989317222e-8 -0.012963945829141578 -0.10667181819143184 -0.05210783183319827 -0.00026354226164461127 0.000003742980483351849 3.6433145984741323e-9 -8.058033268953398e-9 -0.0000011083417979213543 -0.00003458985799217051 -0.00007347980859046678 -0.000025951158665428668 -0.0000016481947620034229 -9.182682209746346e-11 -0.00004131945433720691 -0.006143857196537998 -0.2697249617959644 -7.487582914825222 -9.772012512918709 -0.7080985908131298 2.3710431869791033e-7 -0.03272180928639082 -1.4019723993169801 -1.026932579685954 -39.40307150341246 -47.582154779774534 -3.4717160098227673 -0.00021376258863872716 -0.08886064566750242 2.768924809113619 27.460764168102827 26.939233759370396 32.17066313247987 -1.2435504717255819 -0.00982218424738414 -0.014214675469495648 0.6836616876608879 -16.07120326145522 -7.716140920219756 -0.6493016094576333 -6.731080011909908 -0.013702248713675093 0.00003159615185305301 -3.492018311164695 -29.765628985362046 -17.170216847444433 -2.3147813623740365 -0.49705442771773173 -0.0010177311811890766 -1.315398343951549e-7 -0.09925863655536947 -0.8123497570009803 -0.396321247975517 -0.0024682686658082332 0.000008260484916444092 8.771858272052492e-9 -1.3426036892039483e-9 -7.146076035671084e-8 -0.000011477201416252524 -0.000024270518025720088 -0.000009128706490509955 -7.984860634336175e-7 -3.428006988790282e-10 -1.367632704635353e-7 -0.0010952440756218508 -0.16408977411687803 -2.863875860254925 -2.967215663900999 -0.1711606158190483 4.623712238365429e-8 -0.0043171687082703 -0.13637274956064885 -1.5039268998682185 -25.031508614571308 -18.512731574723478 -0.46029231984126623 -0.00003284512483279447 -0.011712714223824574 0.5268036264941913 3.1786621961811607 -5.104310913516282 9.721105879623835 1.5852705089152461 -0.0014743476952476628 -0.0018776717009949724 -1.3557324744191044 -14.848113057523902 -15.676027819739897 -4.555539127382667 -0.7964977127473031 -0.002050586409891251 4.786078671239906e-7 -1.667786434811392 -13.957647920034452 -9.738620472502333 -2.396846069034266 -0.13623109201037528 -0.00015165350285705582 -6.627157373784008e-8 -0.04553162273010423 -0.3712272714255949 -0.18078106964531224 -0.0011846661824846667 0.0000012623266755707724 1.6800826068109972e-9 3.3184801576303636e-11 5.851693897096237e-9 -1.2421495279964155e-7 -1.9682239377345285e-7 -6.234884182824767e-8 -8.993967711342419e-9 -4.886350418608149e-12 1.419993286140858e-7 -4.2626372666962737e-7 -0.003983876553482272 -0.04177999207996354 -0.02538980150496978 -0.0003635187974617648 -9.560463482545084e-10 1.549118290195461e-7 -0.00004520296068166704 -0.06180879642961574 -0.6525415238776962 -0.387566085514786 -0.004060561944371968 -5.487212017484269e-9 -5.451489653713707e-7 -0.0008017319477183087 -0.05934113134931593 -0.5600611421591822 -0.30779236169868324 0.0009656958745337318 -9.647985121626265e-9 -4.1105048299649373e-7 -0.01108504638238888 -0.10854856348412355 -0.2998899256732828 -0.17663036338077984 -0.0026426883020912676 -6.746019461535794e-9 -8.441867304239699e-8 -0.008588194592833862 -0.07400626317244859 -0.0999494447689631 -0.04855738721233578 -0.0010919741179638825 -1.276886612390586e-10 -1.0209878184064686e-9 -0.00022752987183807281 -0.0018350018809706495 -0.0008886394998207438 -0.000006312003833294774 -8.375510094543747e-9 2.1784658294950248e-12)
(UseCyclicTransform "false")
(UseDirectionCosines "true")

// ResampleInterpolator specific
(FinalBSplineInterpolationOrder 3)
(ResampleInterpolator "FinalBSplineInterpolator")

// Resampler specific
(CompressResultImage "false")
(DefaultPixelValue 0)
(Resampler "DefaultResampler")
(ResultImageFormat "nii")
(ResultImagePixelType "float")
